data/deid_t2_mrh-m6-r1.txt,0.5,0,0,0,0,0,unknown,nan,nan,nan
data/deid_t2_mrh-m6-r2.txt,0.5,170200,4060,140632,17920,7588,yes,0.2415,0.1847,0.3486
data/deid_t2_mrh-m6-r3.txt,0.5,170200,5572,136632,21920,6076,yes,0.2847,0.2027,0.4784
data/deid_t2_mrh-m6-r4.txt,0.5,170200,6480,133740,24812,5168,yes,0.3018,0.2071,0.5563
data/deid_t2_mrh-m6-r5.txt,0.5,170200,7070,131466,27086,4578,yes,0.3087,0.2070,0.6070
data/deid_t2_mrh-m6-r6.txt,0.5,170200,7489,129551,29001,4159,yes,0.3111,0.2052,0.6429
data/deid_t2_mrh-m6-r7.txt,0.5,170200,7847,127587,30965,3801,yes,0.3110,0.2022,0.6737
data/deid_t2_mrh-m6-r8.txt,0.5,170200,8077,125995,32557,3571,yes,0.3090,0.1988,0.6934
data/deid_t2_mrh-m6-r9.txt,0.5,170200,8335,124657,33895,3313,yes,0.3094,0.1974,0.7156
data/deid_t2_mrh-m6-r10.txt,0.5,170200,8562,123200,35352,3086,yes,0.3082,0.1950,0.7351
data/deid_t2_mrh-m6-r11.txt,0.5,170200,8791,121959,36593,2857,yes,0.3083,0.1937,0.7547
data/deid_t2_mrh-m6-r12.txt,0.5,170200,8914,120841,37711,2734,yes,0.3059,0.1912,0.7653
data/deid_t2_mrh-m6-r13.txt,0.5,170200,9025,119794,38758,2623,yes,0.3037,0.1889,0.7748
data/deid_t2_mrh-m6-r14.txt,0.5,170200,9154,118672,39880,2494,yes,0.3017,0.1867,0.7859
data/deid_t2_mrh-m6-r15.txt,0.5,170200,9282,117674,40878,2366,yes,0.3003,0.1850,0.7969
data/deid_t2_mrh-m6-r16.txt,0.5,170200,9386,116596,41956,2262,yes,0.2980,0.1828,0.8058
data/deid_t2_mrh-m6-r17.txt,0.5,170200,9505,115813,42739,2143,yes,0.2975,0.1819,0.8160
data/deid_t2_mrh-m6-r18.txt,0.5,170200,9550,114910,43642,2098,yes,0.2946,0.1795,0.8199
