# filename,threshold,total,tp,tn,fp,fn,sig,fmeas,prec,reca
data/deid_t2_mr-m1-r2.txt,0.3,170200,6497,115678,42874,5151,unknown,0.2130,0.1316,0.5578
data/deid_t2_mr-m1-r3.txt,0.3,170200,6992,113415,45137,4656,unknown,0.2193,0.1341,0.6003
data/deid_t2_mr-m1-r4.txt,0.3,170200,7311,111864,46688,4337,unknown,0.2227,0.1354,0.6277
data/deid_t2_mr-m1-r5.txt,0.3,170200,7419,110706,47846,4229,unknown,0.2218,0.1342,0.6369
data/deid_t2_mr-m1-r6.txt,0.3,170200,7529,109646,48906,4119,unknown,0.2212,0.1334,0.6464
data/deid_t2_mr-m1-r7.txt,0.3,170200,7533,108896,49656,4115,unknown,0.2189,0.1317,0.6467
data/deid_t2_mr-m1-r8.txt,0.3,170200,7576,108116,50436,4072,unknown,0.2175,0.1306,0.6504
data/deid_t2_mr-m1-r9.txt,0.3,170200,7679,107381,51171,3969,unknown,0.2179,0.1305,0.6593
data/deid_t2_mr-m2-r2.txt,0.3,170200,6497,115678,42874,5151,unknown,0.2130,0.1316,0.5578
data/deid_t2_mr-m2-r3.txt,0.3,170200,6992,113415,45137,4656,unknown,0.2193,0.1341,0.6003
data/deid_t2_mr-m2-r4.txt,0.3,170200,7311,111864,46688,4337,unknown,0.2227,0.1354,0.6277
data/deid_t2_mr-m2-r5.txt,0.3,170200,7419,110706,47846,4229,unknown,0.2218,0.1342,0.6369
data/deid_t2_mr-m2-r6.txt,0.3,170200,7529,109645,48907,4119,unknown,0.2212,0.1334,0.6464
data/deid_t2_mr-m2-r7.txt,0.3,170200,7533,108895,49657,4115,unknown,0.2189,0.1317,0.6467
data/deid_t2_mr-m2-r8.txt,0.3,170200,7576,108115,50437,4072,unknown,0.2175,0.1306,0.6504
data/deid_t2_mr-m2-r9.txt,0.3,170200,7679,107380,51172,3969,unknown,0.2178,0.1305,0.6593
data/deid_t2_mr-m3-r2.txt,0.3,170200,6510,115671,42881,5138,unknown,0.2133,0.1318,0.5589
data/deid_t2_mr-m3-r3.txt,0.3,170200,7003,113400,45152,4645,unknown,0.2195,0.1343,0.6012
data/deid_t2_mr-m3-r4.txt,0.3,170200,7325,111842,46710,4323,unknown,0.2230,0.1356,0.6289
data/deid_t2_mr-m3-r5.txt,0.3,170200,7440,110675,47877,4208,unknown,0.2222,0.1345,0.6387
data/deid_t2_mr-m3-r6.txt,0.3,170200,7552,109610,48942,4096,unknown,0.2217,0.1337,0.6484
data/deid_t2_mr-m3-r7.txt,0.3,170200,7571,108860,49692,4077,unknown,0.2197,0.1322,0.6500
data/deid_t2_mr-m3-r8.txt,0.3,170200,7632,108058,50494,4016,unknown,0.2188,0.1313,0.6552
data/deid_t2_mr-m3-r9.txt,0.3,170200,7745,107301,51251,3903,unknown,0.2193,0.1313,0.6649
data/deid_t2_mr-m4-r2.txt,0.3,170200,6645,115557,42995,5003,unknown,0.2168,0.1339,0.5705
data/deid_t2_mr-m4-r3.txt,0.3,170200,7257,113163,45389,4391,unknown,0.2257,0.1378,0.6230
data/deid_t2_mr-m4-r4.txt,0.3,170200,7723,111476,47076,3925,unknown,0.2325,0.1409,0.6630
data/deid_t2_mr-m4-r5.txt,0.3,170200,7927,110196,48356,3721,unknown,0.2334,0.1408,0.6805
data/deid_t2_mr-m4-r6.txt,0.3,170200,8112,109026,49526,3536,unknown,0.2342,0.1407,0.6964
data/deid_t2_mr-m4-r7.txt,0.3,170200,8190,108187,50365,3458,unknown,0.2333,0.1399,0.7031
data/deid_t2_mr-m4-r8.txt,0.3,170200,8252,107288,51264,3396,unknown,0.2319,0.1387,0.7084
data/deid_t2_mr-m4-r9.txt,0.3,170200,8355,106452,52100,3293,unknown,0.2318,0.1382,0.7173
data/deid_t2_mr-m5-r2.txt,0.3,170200,6999,115122,43430,4649,unknown,0.2255,0.1388,0.6009
data/deid_t2_mr-m5-r3.txt,0.3,170200,7676,112363,46189,3972,unknown,0.2343,0.1425,0.6590
data/deid_t2_mr-m5-r4.txt,0.3,170200,8119,110328,48224,3529,unknown,0.2388,0.1441,0.6970
data/deid_t2_mr-m5-r5.txt,0.3,170200,8373,108808,49744,3275,unknown,0.2400,0.1441,0.7188
data/deid_t2_mr-m5-r6.txt,0.3,170200,8575,107422,51130,3073,unknown,0.2404,0.1436,0.7362
data/deid_t2_mr-m5-r7.txt,0.3,170200,8715,106249,52303,2933,unknown,0.2399,0.1428,0.7482
data/deid_t2_mr-m5-r8.txt,0.3,170200,8806,105150,53402,2842,unknown,0.2385,0.1416,0.7560
data/deid_t2_mr-m5-r9.txt,0.3,170200,8977,104087,54465,2671,unknown,0.2391,0.1415,0.7707
data/deid_t2_mr-m6-r2.txt,0.3,170200,7291,114154,44398,4357,unknown,0.2302,0.1411,0.6259
data/deid_t2_mr-m6-r3.txt,0.3,170200,8155,110586,47966,3493,unknown,0.2407,0.1453,0.7001
data/deid_t2_mr-m6-r4.txt,0.3,170200,8699,108165,50387,2949,unknown,0.2460,0.1472,0.7468
data/deid_t2_mr-m6-r5.txt,0.3,170200,8997,106358,52194,2651,unknown,0.2470,0.1470,0.7724
data/deid_t2_mr-m6-r6.txt,0.3,170200,9213,104670,53882,2435,unknown,0.2465,0.1460,0.7910
data/deid_t2_mr-m6-r7.txt,0.3,170200,9393,103176,55376,2255,unknown,0.2458,0.1450,0.8064
data/deid_t2_mr-m6-r8.txt,0.3,170200,9541,101781,56771,2107,unknown,0.2448,0.1439,0.8191
data/deid_t2_mr-m6-r9.txt,0.3,170200,9748,100568,57984,1900,unknown,0.2456,0.1439,0.8369
data/deid_t2_mr-m7-r2.txt,0.3,170200,7676,112852,45700,3972,unknown,0.2361,0.1438,0.6590
data/deid_t2_mr-m7-r3.txt,0.3,170200,8594,108635,49917,3054,unknown,0.2450,0.1469,0.7378
data/deid_t2_mr-m7-r4.txt,0.3,170200,9120,105697,52855,2528,unknown,0.2477,0.1472,0.7830
data/deid_t2_mr-m7-r5.txt,0.3,170200,9456,103495,55057,2192,unknown,0.2483,0.1466,0.8118
data/deid_t2_mr-m7-r6.txt,0.3,170200,9757,101439,57113,1891,unknown,0.2485,0.1459,0.8377
data/deid_t2_mr-m7-r7.txt,0.3,170200,9923,99640,58912,1725,unknown,0.2466,0.1442,0.8519
data/deid_t2_mr-m7-r8.txt,0.3,170200,10053,98017,60535,1595,unknown,0.2445,0.1424,0.8631
data/deid_t2_mr-m7-r9.txt,0.3,170200,10201,96541,62011,1447,unknown,0.2433,0.1413,0.8758
data/deid_t2_mr-m8-r2.txt,0.3,170200,7880,111110,47442,3768,unknown,0.2353,0.1424,0.6765
data/deid_t2_mr-m8-r3.txt,0.3,170200,8876,106143,52409,2772,unknown,0.2434,0.1448,0.7620
data/deid_t2_mr-m8-r4.txt,0.3,170200,9408,102767,55785,2240,unknown,0.2449,0.1443,0.8077
data/deid_t2_mr-m8-r5.txt,0.3,170200,9760,100175,58377,1888,unknown,0.2447,0.1432,0.8379
data/deid_t2_mr-m8-r6.txt,0.3,170200,10021,97900,60652,1627,unknown,0.2435,0.1418,0.8603
data/deid_t2_mr-m8-r7.txt,0.3,170200,10214,95729,62823,1434,unknown,0.2412,0.1398,0.8769
data/deid_t2_mr-m8-r8.txt,0.3,170200,10333,93853,64699,1315,unknown,0.2384,0.1377,0.8871
data/deid_t2_mr-m8-r9.txt,0.3,170200,10458,92188,66364,1190,unknown,0.2364,0.1361,0.8978
data/deid_t2_mr-m9-r2.txt,0.3,170200,8157,109172,49380,3491,unknown,0.2358,0.1418,0.7003
data/deid_t2_mr-m9-r3.txt,0.3,170200,9140,103193,55359,2508,unknown,0.2401,0.1417,0.7847
data/deid_t2_mr-m9-r4.txt,0.3,170200,9752,99216,59336,1896,unknown,0.2416,0.1412,0.8372
data/deid_t2_mr-m9-r5.txt,0.3,170200,10124,96042,62510,1524,unknown,0.2402,0.1394,0.8692
data/deid_t2_mr-m9-r6.txt,0.3,170200,10401,93466,65086,1247,unknown,0.2387,0.1378,0.8929
data/deid_t2_mr-m9-r7.txt,0.3,170200,10614,91018,67534,1034,unknown,0.2364,0.1358,0.9112
data/deid_t2_mr-m9-r8.txt,0.3,170200,10736,88985,69567,912,unknown,0.2335,0.1337,0.9217
data/deid_t2_mr-m9-r9.txt,0.3,170200,10843,86960,71592,805,unknown,0.2305,0.1315,0.9309
data/deid_t2_mr-m1-r10.txt,0.3,170200,7685,106609,51943,3963,unknown,0.2156,0.1289,0.6598
data/deid_t2_mr-m1-r11.txt,0.3,170200,7774,106160,52392,3874,unknown,0.2165,0.1292,0.6674
data/deid_t2_mr-m1-r12.txt,0.3,0,0,0,0,0,unknown,nan,nan,nan
data/deid_t2_mr-m1-r13.txt,0.3,170200,7857,105230,53322,3791,unknown,0.2158,0.1284,0.6745
data/deid_t2_mr-m1-r14.txt,0.3,170200,7883,104708,53844,3765,unknown,0.2149,0.1277,0.6768
data/deid_t2_mr-m1-r15.txt,0.3,170200,7993,104253,54299,3655,unknown,0.2162,0.1283,0.6862
data/deid_t2_mr-m1-r16.txt,0.3,170200,8055,103734,54818,3593,unknown,0.2162,0.1281,0.6915
data/deid_t2_mr-m1-r17.txt,0.3,170200,8124,103441,55111,3524,unknown,0.2170,0.1285,0.6975
data/deid_t2_mr-m1-r18.txt,0.3,170200,8174,102771,55781,3474,unknown,0.2162,0.1278,0.7018
data/deid_t2_mr-m2-r10.txt,0.3,170200,7685,106607,51945,3963,unknown,0.2156,0.1289,0.6598
data/deid_t2_mr-m2-r11.txt,0.3,170200,7774,106158,52394,3874,unknown,0.2165,0.1292,0.6674
data/deid_t2_mr-m2-r12.txt,0.3,170200,7864,105676,52876,3784,unknown,0.2173,0.1295,0.6751
data/deid_t2_mr-m2-r13.txt,0.3,170200,7857,105227,53325,3791,unknown,0.2158,0.1284,0.6745
data/deid_t2_mr-m2-r14.txt,0.3,170200,7883,104705,53847,3765,unknown,0.2149,0.1277,0.6768
data/deid_t2_mr-m2-r15.txt,0.3,170200,7993,104250,54302,3655,unknown,0.2162,0.1283,0.6862
data/deid_t2_mr-m2-r16.txt,0.3,170200,8055,103731,54821,3593,unknown,0.2162,0.1281,0.6915
data/deid_t2_mr-m2-r17.txt,0.3,170200,8124,103438,55114,3524,unknown,0.2170,0.1285,0.6975
data/deid_t2_mr-m2-r18.txt,0.3,170200,8174,102768,55784,3474,unknown,0.2162,0.1278,0.7018
data/deid_t2_mr-m3-r10.txt,0.3,170200,7761,106513,52039,3887,unknown,0.2172,0.1298,0.6663
data/deid_t2_mr-m3-r11.txt,0.3,170200,7866,106048,52504,3782,unknown,0.2184,0.1303,0.6753
data/deid_t2_mr-m3-r12.txt,0.3,170200,7959,105563,52989,3689,unknown,0.2193,0.1306,0.6833
data/deid_t2_mr-m3-r13.txt,0.3,170200,7964,105109,53443,3684,unknown,0.2180,0.1297,0.6837
data/deid_t2_mr-m3-r14.txt,0.3,170200,8004,104573,53979,3644,unknown,0.2174,0.1291,0.6872
data/deid_t2_mr-m3-r15.txt,0.3,170200,8112,104103,54449,3536,unknown,0.2186,0.1297,0.6964
data/deid_t2_mr-m3-r16.txt,0.3,170200,8174,103574,54978,3474,unknown,0.2186,0.1294,0.7018
data/deid_t2_mr-m3-r17.txt,0.3,170200,8254,103263,55289,3394,unknown,0.2195,0.1299,0.7086
data/deid_t2_mr-m3-r18.txt,0.3,170200,8310,102587,55965,3338,unknown,0.2189,0.1293,0.7134
data/deid_t2_mr-m4-r10.txt,0.3,170200,8379,105590,52962,3269,unknown,0.2296,0.1366,0.7194
data/deid_t2_mr-m4-r11.txt,0.3,170200,8462,105058,53494,3186,unknown,0.2299,0.1366,0.7265
data/deid_t2_mr-m4-r12.txt,0.3,170200,8514,104509,54043,3134,unknown,0.2295,0.1361,0.7309
data/deid_t2_mr-m4-r13.txt,0.3,170200,8536,103981,54571,3112,unknown,0.2284,0.1353,0.7328
data/deid_t2_mr-m4-r14.txt,0.3,170200,8523,103400,55152,3125,unknown,0.2263,0.1339,0.7317
data/deid_t2_mr-m4-r15.txt,0.3,170200,8639,102888,55664,3009,unknown,0.2275,0.1343,0.7417
data/deid_t2_mr-m4-r16.txt,0.3,170200,8674,102286,56266,2974,unknown,0.2265,0.1336,0.7447
data/deid_t2_mr-m4-r17.txt,0.3,170200,8717,101920,56632,2931,unknown,0.2264,0.1334,0.7484
data/deid_t2_mr-m4-r18.txt,0.3,170200,8775,101170,57382,2873,unknown,0.2256,0.1326,0.7533
data/deid_t2_mr-m5-r10.txt,0.3,170200,9065,103055,55497,2583,unknown,0.2379,0.1404,0.7782
data/deid_t2_mr-m5-r11.txt,0.3,170200,9173,102373,56179,2475,unknown,0.2383,0.1404,0.7875
data/deid_t2_mr-m5-r12.txt,0.3,170200,9260,101656,56896,2388,unknown,0.2380,0.1400,0.7950
data/deid_t2_mr-m5-r13.txt,0.3,170200,9316,100887,57665,2332,unknown,0.2370,0.1391,0.7998
data/deid_t2_mr-m5-r14.txt,0.3,170200,9308,100122,58430,2340,unknown,0.2345,0.1374,0.7991
data/deid_t2_mr-m5-r15.txt,0.3,170200,9419,99510,59042,2229,unknown,0.2352,0.1376,0.8086
data/deid_t2_mr-m5-r16.txt,0.3,170200,9479,98757,59795,2169,unknown,0.2343,0.1368,0.8138
data/deid_t2_mr-m5-r17.txt,0.3,170200,9568,98211,60341,2080,unknown,0.2346,0.1369,0.8214
data/deid_t2_mr-m5-r18.txt,0.3,170200,9589,97304,61248,2059,unknown,0.2325,0.1354,0.8232
data/deid_t2_mr-m6-r10.txt,0.3,170200,9857,99362,59190,1791,unknown,0.2443,0.1428,0.8462
data/deid_t2_mr-m6-r11.txt,0.3,170200,9994,98613,59939,1654,unknown,0.2450,0.1429,0.8580
data/deid_t2_mr-m6-r12.txt,0.3,170200,10102,97711,60841,1546,unknown,0.2446,0.1424,0.8673
data/deid_t2_mr-m6-r13.txt,0.3,170200,10148,96834,61718,1500,unknown,0.2430,0.1412,0.8712
data/deid_t2_mr-m6-r14.txt,0.3,170200,10189,95918,62634,1459,unknown,0.2412,0.1399,0.8747
data/deid_t2_mr-m6-r15.txt,0.3,170200,10283,95182,63370,1365,unknown,0.2411,0.1396,0.8828
data/deid_t2_mr-m6-r16.txt,0.3,170200,10330,94426,64126,1318,unknown,0.2399,0.1387,0.8868
data/deid_t2_mr-m6-r17.txt,0.3,170200,10413,93779,64773,1235,unknown,0.2398,0.1385,0.8940
data/deid_t2_mr-m6-r18.txt,0.3,170200,10446,92694,65858,1202,unknown,0.2375,0.1369,0.8968
data/deid_t2_mr-m7-r10.txt,0.3,170200,10287,95121,63431,1361,unknown,0.2410,0.1395,0.8832
data/deid_t2_mr-m7-r11.txt,0.3,170200,10381,94221,64331,1267,unknown,0.2404,0.1389,0.8912
data/deid_t2_mr-m7-r12.txt,0.3,170200,10469,93238,65314,1179,unknown,0.2395,0.1381,0.8988
data/deid_t2_mr-m7-r13.txt,0.3,170200,10517,92222,66330,1131,unknown,0.2377,0.1369,0.9029
data/deid_t2_mr-m7-r14.txt,0.3,170200,10535,91261,67291,1113,unknown,0.2355,0.1354,0.9044
data/deid_t2_mr-m7-r15.txt,0.3,170200,10624,90401,68151,1024,unknown,0.2350,0.1349,0.9121
data/deid_t2_mr-m7-r16.txt,0.3,170200,10625,89495,69057,1023,unknown,0.2327,0.1333,0.9122
data/deid_t2_mr-m7-r17.txt,0.3,170200,10684,88796,69756,964,unknown,0.2320,0.1328,0.9172
data/deid_t2_mr-m7-r18.txt,0.3,170200,10680,87717,70835,968,unknown,0.2293,0.1310,0.9169
data/deid_t2_mr-m8-r10.txt,0.3,170200,10539,90650,67902,1109,unknown,0.2340,0.1344,0.9048
data/deid_t2_mr-m8-r11.txt,0.3,170200,10633,89598,68954,1015,unknown,0.2331,0.1336,0.9129
data/deid_t2_mr-m8-r12.txt,0.3,170200,10722,88408,70144,926,unknown,0.2318,0.1326,0.9205
data/deid_t2_mr-m8-r13.txt,0.3,170200,10777,87285,71267,871,unknown,0.2301,0.1314,0.9252
data/deid_t2_mr-m8-r14.txt,0.3,170200,10806,86138,72414,842,unknown,0.2278,0.1298,0.9277
data/deid_t2_mr-m8-r15.txt,0.3,170200,10894,85162,73390,754,unknown,0.2271,0.1293,0.9353
data/deid_t2_mr-m8-r16.txt,0.3,170200,10901,84283,74269,747,unknown,0.2252,0.1280,0.9359
data/deid_t2_mr-m8-r17.txt,0.3,170200,10953,83383,75169,695,unknown,0.2241,0.1272,0.9403
data/deid_t2_mr-m8-r18.txt,0.3,170200,10961,82084,76468,687,unknown,0.2213,0.1254,0.9410
data/deid_t2_mr-m9-r10.txt,0.3,170200,10922,85228,73324,726,unknown,0.2278,0.1296,0.9377
data/deid_t2_mr-m9-r11.txt,0.3,170200,11028,83881,74671,620,unknown,0.2266,0.1287,0.9468
data/deid_t2_mr-m9-r12.txt,0.3,170200,11111,82543,76009,537,unknown,0.2250,0.1275,0.9539
data/deid_t2_mr-m9-r13.txt,0.3,170200,11154,81262,77290,494,unknown,0.2229,0.1261,0.9576
data/deid_t2_mr-m9-r14.txt,0.3,170200,11179,79845,78707,469,unknown,0.2202,0.1244,0.9597
data/deid_t2_mr-m9-r15.txt,0.3,170200,11252,78894,79658,396,unknown,0.2194,0.1238,0.9660
data/deid_t2_mr-m9-r16.txt,0.3,170200,11306,77861,80691,342,unknown,0.2182,0.1229,0.9706
data/deid_t2_mr-m9-r17.txt,0.3,170200,11362,76786,81766,286,unknown,0.2169,0.1220,0.9754
data/deid_t2_mr-m9-r18.txt,0.3,170200,11357,75508,83044,291,unknown,0.2142,0.1203,0.9750
